7.900e+01 2.676e+02
8.001e+01 2.668e+02
8.101e+01 2.660e+02
8.202e+01 2.652e+02
8.303e+01 2.645e+02
8.404e+01 2.637e+02
8.504e+01 2.630e+02
8.605e+01 2.622e+02
8.706e+01 2.615e+02
8.807e+01 2.607e+02
8.907e+01 2.600e+02
9.008e+01 2.593e+02
9.109e+01 2.586e+02
9.210e+01 2.578e+02
9.310e+01 2.571e+02
9.411e+01 2.564e+02
9.512e+01 2.557e+02
9.613e+01 2.550e+02
9.713e+01 2.544e+02
9.814e+01 2.537e+02
9.915e+01 2.530e+02
1.002e+02 2.523e+02
1.012e+02 2.517e+02
1.022e+02 2.510e+02
1.032e+02 2.504e+02
1.042e+02 2.497e+02
1.052e+02 2.491e+02
1.062e+02 2.484e+02
1.072e+02 2.478e+02
1.082e+02 2.472e+02
1.092e+02 2.466e+02
1.102e+02 2.459e+02
1.112e+02 2.453e+02
1.122e+02 2.447e+02
1.133e+02 2.441e+02
1.143e+02 2.435e+02
1.153e+02 2.430e+02
1.163e+02 2.424e+02
1.173e+02 2.418e+02
1.183e+02 2.412e+02
1.193e+02 2.407e+02
1.203e+02 2.401e+02
1.213e+02 2.396e+02
1.223e+02 2.390e+02
1.233e+02 2.385e+02
1.243e+02 2.379e+02
1.253e+02 2.374e+02
1.263e+02 2.369e+02
1.274e+02 2.364e+02
1.284e+02 2.359e+02
1.294e+02 2.353e+02
1.304e+02 2.348e+02
1.314e+02 2.343e+02
1.324e+02 2.339e+02
1.334e+02 2.334e+02
1.344e+02 2.329e+02
1.354e+02 2.324e+02
1.364e+02 2.320e+02
1.374e+02 2.315e+02
1.384e+02 2.310e+02
1.394e+02 2.306e+02
1.405e+02 2.301e+02
1.415e+02 2.297e+02
1.425e+02 2.293e+02
1.435e+02 2.288e+02
1.445e+02 2.284e+02
1.455e+02 2.280e+02
1.465e+02 2.276e+02
1.475e+02 2.272e+02
1.485e+02 2.268e+02
1.495e+02 2.264e+02
1.505e+02 2.260e+02
1.515e+02 2.256e+02
1.525e+02 2.252e+02
1.536e+02 2.249e+02
1.546e+02 2.245e+02
1.556e+02 2.241e+02
1.566e+02 2.238e+02
1.576e+02 2.234e+02
1.586e+02 2.231e+02
1.596e+02 2.227e+02
1.606e+02 2.224e+02
1.616e+02 2.221e+02
1.626e+02 2.217e+02
1.636e+02 2.214e+02
1.646e+02 2.211e+02
1.656e+02 2.208e+02
1.666e+02 2.205e+02
1.677e+02 2.202e+02
1.687e+02 2.199e+02
1.697e+02 2.197e+02
1.707e+02 2.194e+02
1.717e+02 2.191e+02
1.727e+02 2.188e+02
1.737e+02 2.186e+02
1.747e+02 2.183e+02
1.757e+02 2.181e+02
1.767e+02 2.178e+02
1.777e+02 2.176e+02
1.787e+02 2.174e+02
1.797e+02 2.171e+02
1.808e+02 2.169e+02
1.818e+02 2.167e+02
1.828e+02 2.165e+02
1.838e+02 2.163e+02
1.848e+02 2.161e+02
1.858e+02 2.159e+02
1.868e+02 2.157e+02
1.878e+02 2.155e+02
1.888e+02 2.153e+02
1.898e+02 2.152e+02
1.908e+02 2.150e+02
1.918e+02 2.148e+02
1.928e+02 2.147e+02
1.938e+02 2.145e+02
1.949e+02 2.144e+02
1.959e+02 2.143e+02
1.969e+02 2.141e+02
1.979e+02 2.140e+02
1.989e+02 2.139e+02
1.999e+02 2.138e+02
2.009e+02 2.149e+02
2.019e+02 2.169e+02
2.029e+02 2.189e+02
2.039e+02 2.208e+02
2.049e+02 2.226e+02
2.059e+02 2.244e+02
2.069e+02 2.260e+02
2.080e+02 2.276e+02
2.090e+02 2.291e+02
2.100e+02 2.305e+02
2.110e+02 2.318e+02
2.120e+02 2.331e+02
2.130e+02 2.343e+02
2.140e+02 2.354e+02
2.150e+02 2.365e+02
2.160e+02 2.375e+02
2.170e+02 2.384e+02
2.180e+02 2.392e+02
2.190e+02 2.400e+02
2.200e+02 2.407e+02
2.210e+02 2.414e+02
2.221e+02 2.419e+02
2.231e+02 2.425e+02
2.241e+02 2.429e+02
2.251e+02 2.433e+02
2.261e+02 2.436e+02
2.271e+02 2.439e+02
2.281e+02 2.441e+02
2.291e+02 2.443e+02
2.301e+02 2.444e+02
2.311e+02 2.444e+02
2.321e+02 2.444e+02
2.331e+02 2.444e+02
2.341e+02 2.443e+02
2.352e+02 2.441e+02
2.362e+02 2.439e+02
2.372e+02 2.436e+02
2.382e+02 2.433e+02
2.392e+02 2.430e+02
2.402e+02 2.426e+02
2.412e+02 2.421e+02
2.422e+02 2.416e+02
2.432e+02 2.411e+02
2.442e+02 2.405e+02
2.452e+02 2.399e+02
2.462e+02 2.393e+02
2.472e+02 2.386e+02
2.482e+02 2.378e+02
2.493e+02 2.371e+02
2.503e+02 2.363e+02
2.513e+02 2.354e+02
2.523e+02 2.346e+02
2.533e+02 2.337e+02
2.543e+02 2.327e+02
2.553e+02 2.318e+02
2.563e+02 2.308e+02
2.573e+02 2.298e+02
2.583e+02 2.287e+02
2.593e+02 2.277e+02
2.603e+02 2.266e+02
2.613e+02 2.254e+02
2.624e+02 2.243e+02
2.634e+02 2.231e+02
2.644e+02 2.220e+02
2.654e+02 2.207e+02
2.664e+02 2.195e+02
2.674e+02 2.183e+02
2.684e+02 2.170e+02
2.694e+02 2.158e+02
2.704e+02 2.145e+02
2.714e+02 2.132e+02
2.724e+02 2.119e+02
2.734e+02 2.105e+02
2.744e+02 2.092e+02
2.754e+02 2.078e+02
2.765e+02 2.065e+02
2.775e+02 2.051e+02
2.785e+02 2.038e+02
2.795e+02 2.024e+02
2.805e+02 2.010e+02
2.815e+02 1.996e+02
2.825e+02 1.983e+02
2.835e+02 1.969e+02
2.845e+02 1.955e+02
2.855e+02 1.941e+02
2.865e+02 1.927e+02
2.875e+02 1.914e+02
2.885e+02 1.900e+02
2.896e+02 1.886e+02
2.906e+02 1.873e+02
2.916e+02 1.859e+02
2.926e+02 1.846e+02
2.936e+02 1.832e+02
2.946e+02 1.819e+02
2.956e+02 1.806e+02
2.966e+02 1.793e+02
2.976e+02 1.780e+02
2.986e+02 1.767e+02
2.996e+02 1.755e+02
3.006e+02 1.743e+02
3.016e+02 1.730e+02
3.027e+02 1.718e+02
3.037e+02 1.706e+02
3.047e+02 1.695e+02
3.057e+02 1.683e+02
3.067e+02 1.672e+02
3.077e+02 1.661e+02
3.087e+02 1.651e+02
3.097e+02 1.640e+02
3.107e+02 1.630e+02
3.117e+02 1.620e+02
3.127e+02 1.611e+02
3.137e+02 1.601e+02
3.147e+02 1.592e+02
3.157e+02 1.584e+02
3.168e+02 1.575e+02
3.178e+02 1.567e+02
3.188e+02 1.560e+02
3.198e+02 1.552e+02
3.208e+02 1.546e+02
3.218e+02 1.539e+02
3.228e+02 1.533e+02
3.238e+02 1.527e+02
3.248e+02 1.522e+02
3.258e+02 1.517e+02
3.268e+02 1.513e+02
3.278e+02 1.509e+02
3.288e+02 1.505e+02
3.299e+02 1.502e+02
3.309e+02 1.500e+02
3.319e+02 1.498e+02
3.329e+02 1.496e+02
3.339e+02 1.495e+02
3.349e+02 1.494e+02
3.359e+02 1.494e+02
3.369e+02 1.495e+02
3.379e+02 1.496e+02
3.389e+02 1.498e+02
3.399e+02 1.500e+02
3.409e+02 1.502e+02
3.419e+02 1.506e+02
3.429e+02 1.510e+02
3.440e+02 1.514e+02
3.450e+02 1.520e+02
3.460e+02 1.526e+02
3.470e+02 1.532e+02
3.480e+02 1.539e+02
3.490e+02 1.547e+02
3.500e+02 1.555e+02
