1.860e+02 4.800e+02
1.870e+02 4.803e+02
1.880e+02 4.804e+02
1.890e+02 4.804e+02
1.900e+02 4.802e+02
1.911e+02 4.799e+02
1.921e+02 4.795e+02
1.931e+02 4.789e+02
1.941e+02 4.783e+02
1.951e+02 4.775e+02
1.961e+02 4.767e+02
1.971e+02 4.759e+02
1.981e+02 4.749e+02
1.992e+02 4.740e+02
2.002e+02 4.729e+02
2.012e+02 4.719e+02
2.022e+02 4.708e+02
2.032e+02 4.697e+02
2.042e+02 4.685e+02
2.052e+02 4.674e+02
2.062e+02 4.663e+02
2.073e+02 4.651e+02
2.083e+02 4.640e+02
2.093e+02 4.628e+02
2.103e+02 4.617e+02
2.113e+02 4.605e+02
2.123e+02 4.594e+02
2.133e+02 4.583e+02
2.143e+02 4.572e+02
2.154e+02 4.562e+02
2.164e+02 4.552e+02
2.174e+02 4.541e+02
2.184e+02 4.532e+02
2.194e+02 4.522e+02
2.204e+02 4.513e+02
2.214e+02 4.503e+02
2.224e+02 4.495e+02
2.235e+02 4.486e+02
2.245e+02 4.478e+02
2.255e+02 4.470e+02
2.265e+02 4.462e+02
2.275e+02 4.454e+02
2.285e+02 4.447e+02
2.295e+02 4.440e+02
2.305e+02 4.433e+02
2.316e+02 4.427e+02
2.326e+02 4.420e+02
2.336e+02 4.414e+02
2.346e+02 4.408e+02
2.356e+02 4.403e+02
2.366e+02 4.397e+02
2.376e+02 4.392e+02
2.386e+02 4.386e+02
2.397e+02 4.381e+02
2.407e+02 4.376e+02
2.417e+02 4.371e+02
2.427e+02 4.366e+02
2.437e+02 4.361e+02
2.447e+02 4.357e+02
2.457e+02 4.352e+02
2.467e+02 4.347e+02
2.478e+02 4.343e+02
2.488e+02 4.338e+02
2.498e+02 4.333e+02
2.508e+02 4.329e+02
2.518e+02 4.324e+02
2.528e+02 4.319e+02
2.538e+02 4.314e+02
2.548e+02 4.310e+02
2.559e+02 4.305e+02
2.569e+02 4.300e+02
2.579e+02 4.295e+02
2.589e+02 4.289e+02
2.599e+02 4.284e+02
2.609e+02 4.279e+02
2.619e+02 4.273e+02
2.629e+02 4.267e+02
2.640e+02 4.262e+02
2.650e+02 4.256e+02
2.660e+02 4.250e+02
2.670e+02 4.243e+02
2.680e+02 4.237e+02
2.690e+02 4.231e+02
2.700e+02 4.224e+02
2.710e+02 4.217e+02
2.720e+02 4.210e+02
2.731e+02 4.203e+02
2.741e+02 4.196e+02
2.751e+02 4.189e+02
2.761e+02 4.182e+02
2.771e+02 4.174e+02
2.781e+02 4.167e+02
2.791e+02 4.159e+02
2.801e+02 4.151e+02
2.812e+02 4.144e+02
2.822e+02 4.136e+02
2.832e+02 4.128e+02
2.842e+02 4.120e+02
2.852e+02 4.112e+02
2.862e+02 4.104e+02
2.872e+02 4.096e+02
2.882e+02 4.088e+02
2.893e+02 4.080e+02
2.903e+02 4.072e+02
2.913e+02 4.064e+02
2.923e+02 4.056e+02
2.933e+02 4.048e+02
2.943e+02 4.041e+02
2.953e+02 4.033e+02
2.963e+02 4.026e+02
2.974e+02 4.018e+02
2.984e+02 4.011e+02
2.994e+02 4.004e+02
3.004e+02 3.997e+02
3.014e+02 3.990e+02
3.024e+02 3.984e+02
3.034e+02 3.977e+02
3.044e+02 3.971e+02
3.055e+02 3.965e+02
3.065e+02 3.959e+02
3.075e+02 3.954e+02
3.085e+02 3.949e+02
3.095e+02 3.944e+02
3.105e+02 3.939e+02
3.115e+02 3.934e+02
3.125e+02 3.930e+02
3.136e+02 3.926e+02
3.146e+02 3.922e+02
3.156e+02 3.918e+02
3.166e+02 3.915e+02
3.176e+02 3.912e+02
3.186e+02 3.909e+02
3.196e+02 3.906e+02
3.206e+02 3.903e+02
3.217e+02 3.901e+02
3.227e+02 3.899e+02
3.237e+02 3.896e+02
3.247e+02 3.894e+02
3.257e+02 3.892e+02
3.267e+02 3.890e+02
3.277e+02 3.888e+02
3.287e+02 3.886e+02
3.298e+02 3.884e+02
3.308e+02 3.881e+02
3.318e+02 3.878e+02
3.328e+02 3.875e+02
3.338e+02 3.872e+02
3.348e+02 3.868e+02
3.358e+02 3.864e+02
3.368e+02 3.860e+02
3.379e+02 3.854e+02
3.389e+02 3.848e+02
3.399e+02 3.841e+02
3.409e+02 3.834e+02
3.419e+02 3.825e+02
3.429e+02 3.815e+02
3.439e+02 3.804e+02
3.449e+02 3.791e+02
3.460e+02 3.777e+02
3.470e+02 3.761e+02
3.480e+02 3.744e+02
3.490e+02 3.725e+02
3.500e+02 3.703e+02
